#
# Sprite sheet data for MonoGame.
#
# To learn how to import these sprites into your MonoGame project visit:
# https://www.codeandweb.com/texturepacker/monogame
#
# Sprite sheet: PLSsprites.png (1948 x 1004)
# $TexturePacker:SmartUpdate:dd8901be44074168b05becf940320ef5:2989c4f83fc51eb2b4a0be79d84d45a2:392bb42978da344af36d8fe9bbfcaedc$
#

Client_back;0;1923;129;23;30;24;30;0;0
Client_front;0;1923;479;22;28;24;30;0;0
Client_left;0;1923;417;22;29;24;30;-0.045454545454545456;-0.034482758620689655
Client_right;0;1923;448;22;29;24;30;-0.045454545454545456;-0.034482758620689655
Cr_back;0;1923;1;24;30;24;30;0;0
Cr_front;0;1923;33;24;30;24;30;0;0
Cr_left;0;1923;161;23;30;24;30;-0.043478260869565216;0
Cr_right;0;1923;193;23;30;24;30;-0.043478260869565216;0
Mh;0;1923;509;20;30;20;30;0;0
Mh_back;0;1923;225;23;30;24;30;0;0
Mh_front;0;1923;321;22;30;24;30;-0.045454545454545456;0
Mh_left;0;1923;353;22;30;24;30;0;0
Mh_right;0;1923;385;22;30;24;30;0;0
Restaurant;0;1;1;1920;1000;1920;1000;0;0
Serveur_back;0;1923;65;24;30;24;30;0;0
Serveur_front;0;1923;97;24;30;24;30;0;0
Serveur_left;0;1923;257;23;30;24;30;-0.043478260869565216;0
Serveur_right;0;1923;289;23;30;24;30;-0.043478260869565216;0